000191
000185
000813
000807
000152
000634
002023
002037
000620
000146
001258
001270
000608
001502
001264
001933
000393
000387
001099
001927
002221
000436
001728
000350
000344
000422
002235
001714
001072
001066
000378
002209
001700
001847
000581
002396
002382
001853
000595
002355
001884
000542
000224
000230
001648
001890
000556
002341
001660
002369
000218
001106
001112
001674
002194
000783
001489
000797
000973
001338
000026
000740
000998
002157
002143
000754
001304
001462
000768
001476
001310
000769
001311
001305
001463
002142
000033
000027
001339
002156
000999
000741
000972
000966
002181
000796
001488
000782
002195
001113
001675
002368
001661
001107
000219
000231
002340
000557
001891
001649
000543
001885
002354
000225
000594
001852
002383
002397
000580
001846
000379
001067
001701
002208
001715
001073
000345
002234
000423
001729
000437
002220
000351
001098
000386
001926
001932
000392
001503
001265
001271
000609
001517
000621
002036
001259
000147
000153
002022
000635
000806
000812
000190
001298
000186
000838
000192
000804
000810
000145
002034
000623
001529
000637
002020
000151
000179
001267
001501
001515
001273
001924
000384
000390
001930
001918
000421
002236
001059
000347
000353
002222
000435
001703
001065
001071
000409
002381
001850
000596
001688
001844
000582
002395
001878
001893
000555
002342
000233
000227
001139
002356
001887
000541
001677
000569
001111
001105
001663
000794
002183
002197
000958
000780
000970
000964
000031
000757
001449
000743
002154
000025
001313
001475
002168
001461
001307
000019
001460
002169
000018
001306
001312
001474
002155
000742
000024
000030
001448
000756
002141
000965
000971
000781
000959
002196
002182
000795
001104
001662
000568
001676
001110
001138
000226
000540
001886
002357
002343
000554
001892
000232
001879
002394
000583
001845
001689
000597
001851
002380
001070
001716
000408
001702
001064
000352
000434
002223
002237
000420
000346
001058
001919
000391
001931
001925
000385
001514
001272
001266
000178
002009
001500
002021
000636
001528
000150
000144
000622
002035
000811
000805
000193
000187
001299
000839
000801
000815
000183
001289
000829
001262
001276
002019
001510
002031
001538
000140
000154
000632
002025
001909
000381
001921
001935
000395
001060
000418
001706
001712
001074
000342
000424
002233
002227
000430
001048
000356
001869
002384
000593
001855
000587
001841
001699
002390
001114
001672
001666
000578
001100
000236
001128
000550
001896
002347
002353
000544
001882
000222
000975
000961
000949
000791
002186
002192
000785
001470
002179
001316
000008
001302
001464
002145
000752
000034
000746
001458
002151
000021
002150
001459
000747
000753
002144
000035
001303
001465
002178
001471
000009
000784
002193
002187
000790
000948
000960
000974
001883
000545
002352
000223
001129
000237
002346
001897
000551
000579
001667
001101
001115
001673
002391
001698
001840
000586
001854
000592
002385
001868
000431
002226
000357
001049
000343
002232
000425
001713
001075
001061
000419
001934
000394
000380
001920
001908
000155
002024
000633
000627
001539
002030
001277
000169
001511
002018
001505
001263
000196
001288
000828
000182
000814
000800
000816
000802
000194
000180
001513
001275
001261
001507
000619
000631
002026
000157
000143
002032
000625
000396
001088
001936
001922
000382
001077
000369
001711
002218
001705
001063
000355
002224
000433
000427
001739
002230
000341
000584
001842
002393
002387
000590
001856
001103
001665
002378
001671
000209
001117
000221
002350
001659
000547
001881
000553
001895
002344
000235
000962
000976
002191
001498
000779
001467
001301
001315
001473
000745
002152
000023
001329
000037
002146
000751
000989
000036
001328
000988
000750
002147
002153
000744
000022
001314
001472
001466
000778
001300
002184
000793
000787
001499
002190
000977
000963
002345
001894
000552
000234
000220
001880
000546
001658
002351
001670
002379
001116
000208
001102
001664
001857
000591
002386
002392
001843
000585
001738
000426
000340
000354
000432
002225
001704
001062
000368
001076
002219
001710
001923
000383
001089
000397
001937
000142
000624
002027
000630
001248
000156
001260
000618
001506
001512
000181
000195
000803
000817
000694
002083
002097
000680
000858
000870
000864
002040
001549
000657
000131
000643
002054
001575
001213
000119
001207
002068
001561
002281
001788
000496
001950
000482
001944
002295
001978
000333
000455
001993
002256
000441
001987
000327
001011
000469
001777
001763
001005
000284
001824
001830
000290
001818
000247
001159
000521
002336
002322
000535
000253
001165
001617
000509
001171
000938
000086
001398
000092
000904
000910
002134
000723
000045
000051
000737
002120
001401
002108
001367
000079
001373
001415
001372
001414
002109
001400
000078
001366
000050
002121
001428
000736
000722
002135
000044
000911
000905
000093
000939
001399
000508
001616
001164
001602
000534
002323
000252
001158
000246
002337
000520
001819
001831
000291
000285
001825
001762
001004
001010
001776
000468
001986
000440
002257
000326
000332
002243
001992
000454
001979
002294
001945
000483
001951
001789
002280
001206
000118
001560
002069
001574
001212
000124
002055
000642
000656
001548
002041
000130
000865
000871
000859
000681
002096
002082
000695
002094
000683
000697
001589
002080
000867
000873
000898
000640
002057
000126
001238
000132
002043
000654
001562
001204
001210
001576
000668
000481
001947
002296
002282
000495
000324
002255
001984
000456
001990
001748
002241
000330
001006
000318
001760
002269
001774
001012
000293
001833
001827
001199
000250
002321
001628
000536
000522
002335
000244
001172
001614
002309
001600
000278
001166
000085
000907
000734
002123
000052
001358
000046
002137
000720
000708
001416
001370
001364
001402
001365
001403
001417
000709
001371
000047
001359
000721
002136
002122
000735
000053
000906
000912
000084
000090
001601
002308
001167
000279
001173
001615
002334
000523
000245
000251
000537
001629
002320
001826
000286
001198
000292
001832
001775
001013
000319
001007
002268
001761
002240
001749
001991
000457
000331
000325
001985
000443
002254
001952
000494
002283
002297
001946
000480
001211
000669
001577
001563
000133
000655
002042
000641
000899
001239
000127
000872
000866
002081
000696
000682
002095
000862
000876
000686
001598
000692
002085
001201
001567
000679
001573
001215
000123
000645
002052
002046
000889
000651
000137
001942
000484
002293
001956
000490
001765
001003
001017
000309
002278
001771
002250
001981
000447
001759
000321
000335
001995
000453
002244
001836
001188
000296
000282
001822
001611
002318
000269
001177
001163
001605
002324
000533
000255
000241
001639
000527
002330
000916
000902
000094
000080
001375
001413
000719
001407
001361
001349
000057
000731
002126
002132
000725
000043
000724
000042
000056
001348
002127
000730
001406
000718
001360
001374
001412
000081
000095
000903
000917
000240
002331
000526
001638
000532
002325
000254
001162
001604
002319
001610
001176
000268
000283
001823
000297
001189
000334
002245
000452
001994
001758
000446
001980
002251
000320
000308
001770
002279
001764
001002
000491
001957
002286
002292
000485
001943
000650
000888
002047
001228
000136
000122
002053
000644
001572
001214
001200
001566
002084
000693
001599
000687
002090
000877
000863
000875
000861
000691
002086
002092
000685
000108
001216
001570
002079
001202
000134
002045
000652
001558
000646
002051
000120
001969
002284
001955
000493
001799
000487
002290
001014
001000
000478
001766
001996
000450
002247
001028
000336
000322
002253
001982
000444
001809
001821
000281
000295
001835
001606
000518
001160
001174
001612
000524
002333
000242
000256
001148
002327
000530
000901
000915
000083
000097
001389
001362
001404
002119
001410
001376
000068
000040
002131
000726
001438
000732
002125
000054
002124
000733
000041
000727
002130
001411
002118
001377
001363
001405
000928
001388
000096
000082
000914
000900
000257
000531
002326
002332
000525
000243
001175
001613
000519
001607
001161
000294
001834
001820
000280
001808
000323
000445
001983
002246
000451
001997
000337
001029
001001
001767
000479
001773
001015
002291
000486
001798
000492
001954
002285
001968
002050
000647
001559
000121
000135
000653
002044
001565
001203
001217
000109
002078
001571
000684
002093
002087
000848
000690
000860
000874
000879
000689
000851
001583
000845
001568
000676
002061
000110
000104
002075
000662
001554
000892
000138
001226
001540
000886
002049
001971
001965
001795
001781
001959
002288
000312
002263
000474
000460
002277
001018
000306
001030
000448
001756
001742
001024
001805
001811
001187
000299
001839
001193
000266
001178
002317
000500
000514
002303
000272
001144
001622
001636
000919
000925
001385
001391
000931
000702
002115
000064
000070
002101
001408
002129
001420
001346
000058
001352
001434
001435
001421
002128
000059
001347
000071
001409
000717
002100
002114
000703
000065
001390
000930
000924
001384
000918
000529
001637
001151
001145
001623
002302
000515
000273
001179
000267
000501
002316
001192
000298
001186
001838
001810
001804
001743
001025
001757
000449
002276
000461
000307
001019
000313
000475
002262
002289
001958
001780
001794
001964
001970
001227
000139
002048
000887
001541
000893
001555
001233
000105
000663
002074
002060
000677
001569
000111
000844
001582
000850
001596
000688
000878
002089
001580
000846
001594
000852
002076
000661
000107
001219
000113
000675
002062
001543
000885
001225
001231
001557
000891
001966
001972
001782
001796
000488
000305
000463
002274
002260
000477
001769
000311
001027
000339
002248
001999
001741
001755
001033
001812
001806
001190
001184
000271
001609
000517
002300
002314
000503
000265
001153
001635
001621
002328
000259
000932
001392
000098
001386
000926
002102
000715
000073
001379
000067
000701
002116
000729
001437
001351
001345
001423
001344
001422
001436
000728
001350
000066
001378
002117
000700
000714
002103
000072
001387
000099
000927
000933
001393
002329
001620
001146
000258
001152
001634
000502
002315
000264
000270
002301
000516
001608
001185
001191
001807
001813
001754
001032
000338
001026
001740
001998
002249
001768
000476
002261
000310
000304
002275
000462
000489
001797
001783
001967
001230
000648
000890
001556
001542
001224
000112
002063
000674
002077
001218
000106
000853
001595
000847
001581
002088
000843
001585
000857
001591
002098
001220
000880
001546
000658
000894
001552
001234
000102
002073
000664
000670
002067
000116
001787
000499
001793
001963
001744
001022
001036
000328
001988
001750
002259
000466
001778
002271
000300
000314
002265
001195
001181
001817
001803
002339
001630
000248
001156
001142
001624
000512
002305
000260
001618
000506
000089
001397
000937
000923
001383
001354
001432
000738
001426
001340
001368
000076
002107
000710
000704
002113
000062
002112
000705
000063
000077
001369
000711
002106
001427
000739
001341
001433
000922
001382
000088
000936
000261
000507
001619
002310
002304
000513
000275
001143
001625
001631
002338
001157
000249
001802
001816
001180
001194
000473
002264
001779
000467
000301
000329
001037
002258
001751
001989
001745
001023
001976
001962
001792
000498
001786
002066
000671
001209
000103
000665
002072
001553
000895
001235
001221
001547
000881
002099
001590
000856
001584
000842
001592
000840
001586
000868
000129
000897
001551
000883
001545
001223
000115
000673
002064
002070
001579
000667
000101
002299
001790
001948
001784
001974
001960
001753
001035
001021
000459
001747
002266
000471
001009
000317
000303
000465
002272
001182
001196
000288
001828
001800
001814
001627
000539
001141
001155
001633
002312
000505
000263
000277
001169
000511
002306
001380
000920
000934
001394
000908
001343
001425
001431
002138
001357
000049
000061
000707
001419
002110
002104
000713
000075
002105
000074
000060
002111
001418
000706
002139
001430
000048
001356
001342
001424
000909
000935
001395
001381
000921
001168
000276
002307
000510
000504
002313
000262
001154
001632
000538
001626
001140
001801
000289
001197
001829
001183
000302
002273
000464
000470
002267
000316
001008
001020
001746
000458
001752
001034
001975
001785
001949
001791
002298
000666
001578
002071
000100
000114
002065
000672
001544
000882
001222
001236
000128
001550
000896
002059
001587
000841
000699
001593
000855
001292
000832
000826
001286
000198
000173
002002
000615
000601
002016
000167
001279
001251
001537
000629
001523
001245
001912
001906
001090
001084
000417
001709
002200
000371
000365
002214
000403
001735
001053
001047
000359
001721
002228
001866
001872
001682
000588
001696
000563
002374
000205
000211
002360
001669
000577
002348
001641
001899
000239
001127
001133
002189
000946
001480
000952
001494
001319
000007
000761
000775
002162
001325
000985
001443
000749
000991
001457
001331
001456
000990
000748
001324
001442
000984
002163
000774
000012
000006
001318
000760
002177
001495
000953
001481
000947
002188
001132
001654
001898
001640
002349
001126
000238
000210
000576
001668
002375
000562
000204
001697
000589
001683
001873
001867
000358
001046
002229
001720
001734
001052
000364
000402
002215
002201
001708
000416
000370
001085
001091
001907
001913
001522
001244
001250
000628
001536
002017
000600
001278
000166
000172
000614
002003
000827
000199
001287
001293
000833
001285
000825
000831
001291
000164
002015
002001
001508
000616
000170
000158
001246
002029
001520
001534
001252
001905
001911
001939
000399
001087
001093
002217
000400
001078
000366
000372
000414
002203
001722
001044
001050
000428
001736
001871
001695
001859
001681
002388
002363
000574
000212
000206
001118
000560
002377
001656
000548
001130
001124
001642
000979
000951
001497
000789
000945
001483
000010
000776
001468
002161
002175
000762
000004
001332
000992
001454
000986
001440
002149
000038
002148
001441
000987
000039
001327
001333
001455
000993
000763
002174
000005
000011
001469
001482
000944
000788
001496
000978
001125
001643
000549
001657
001131
001119
000207
002376
000575
002362
002389
001680
001858
001694
001864
001870
001051
001737
000429
001723
001045
000373
002202
000415
000401
002216
000367
001079
001092
001938
001086
000398
001910
001904
001535
001253
001247
000159
001521
002028
000617
001509
002000
000171
000165
002014
000830
001290
001284
000824
000818
000820
001280
001294
000834
000808
001525
001243
000149
001257
001531
002038
001519
000607
000161
000175
002004
000613
001082
001928
000388
001096
001900
001914
001041
000439
001727
001733
001055
000363
002212
000405
000411
002206
000377
002399
001848
001690
001684
001874
001860
001135
001653
001647
000559
001121
000217
001109
002400
002366
000571
000565
002372
000203
001492
000954
001486
000940
000798
000968
002158
001451
000997
001337
000029
001323
001445
000983
000773
002164
000015
000001
002170
000767
001479
001478
000766
002165
000772
000014
001322
000982
001444
000996
001450
002159
000028
001336
000969
000799
000941
000955
001493
002373
000564
000202
000216
000570
002367
000558
001646
001120
001134
001652
001861
001875
001685
001691
001849
002398
002207
000410
000376
001068
000362
000404
002213
001732
001054
001040
001726
000438
001915
001901
001097
000389
001083
000174
000612
002005
002011
000606
001518
000160
001256
000148
002039
001530
001524
001242
001295
000835
000821
001281
000837
001297
000189
001283
000823
001532
001254
001240
001526
000638
002007
000610
000176
001268
000162
000604
002013
001095
001081
001917
001903
001056
000348
002239
001730
001724
001042
000374
000412
002205
002211
000406
001718
000360
000599
001687
001693
001863
001877
001122
001644
001650
001888
002359
000228
001136
000200
001678
000566
002371
002365
000572
000214
001485
000943
001491
000957
000758
001446
000980
001320
001334
001452
000994
002173
000002
000016
000770
002167
000017
001309
002166
000771
000765
002172
000003
001335
000995
001453
000981
001447
000759
001321
002199
000956
001490
000942
001484
000573
000215
000201
002370
000567
001679
002358
001889
001651
001137
000229
001645
001876
001862
001692
001686
000598
001719
000407
002210
000361
000375
002204
000413
001725
001043
000349
001057
001731
002238
001902
001916
001080
001094
002012
000605
000611
002006
001269
000177
001241
001527
001533
001255
001282
000822
000836
000188
001296
